231
200
264
221
118
148
40
68
435
228
191
274
138
133
95
287
157
211
283
85
199
219
267
319
276
581
178
293
349
135
112
164
218
44
308
413
27
289
352
132
148
36
212
213
235
124
81
358
283
168
131
207
224
269
245
384
80
217
195
130
354
182
196
44
77
79
331
195
251
44
59
192
321
177
166
226
209
237
323
156
194
220
148
221
327
231
483
424
173
185
145
70
247
46
342
172
321
72
95
316
308
170
286
121
206
234
360
144
304
122
67
262
415
265
105
130
63
52
167
245
167
310
208
128
195
227
54
261
224
387
263
237
225
184
133
189
397
74
101
248
262
100
86
112
194
104
89
148
236
108
107
204
127
249
141
352
329
127
49
222
306
251
350
220
205
343
273
338
200
133
269
52
247
169
205
212
79
98
260
165
45
186
102
456
268
116
220
175
278
128
184
330
157
315
107
140
14
238
65
225
